
8-4-1
variables : 544 clauses : 1613047
model : 3.27s solve : 0.00s
 0  1  2  3 |  4  5  6  7 |  8  9 10 11 | 12 13 14 15 | 16 17 18 19 | 20 21 22 23 | 24 25 26 27 | 28 29 30 31 | 

8-4-2
variables : 1088 clauses : 3353070
model : 6.76s solve : 0.05s
 0  1  2  3 |  4  5  6  7 |  8  9 10 11 | 12 13 14 15 | 16 17 18 19 | 20 21 22 23 | 24 25 26 27 | 28 29 30 31 | 
 0 11 15 18 |  1 19 25 28 |  2 22 26 30 |  3 17 27 29 |  4 16 23 24 |  5 10 14 31 |  6  9 12 20 |  7  8 13 21 | 

8-4-3
variables : 1632 clauses : 5220069
model : 10.89s solve : 0.03s
 0  1  2  3 |  4  5  6  7 |  8  9 10 11 | 12 13 14 15 | 16 17 18 19 | 20 21 22 23 | 24 25 26 27 | 28 29 30 31 | 
 0  4 17 26 |  1  9 22 30 |  2 11 20 29 |  3  5  8 21 |  6 15 23 31 |  7 14 18 24 | 10 13 19 25 | 12 16 27 28 | 
 0 11 21 30 |  1  7  8 20 |  2 10 16 22 |  3  9 12 23 |  4 15 25 29 |  5 19 24 28 |  6 13 18 26 | 14 17 27 31 | 

8-4-4
variables : 2176 clauses : 7214044
model : 15.03s solve : 0.07s
 0  1  2  3 |  4  5  6  7 |  8  9 10 11 | 12 13 14 15 | 16 17 18 19 | 20 21 22 23 | 24 25 26 27 | 28 29 30 31 | 
 0  4 11 13 |  1  5 12 19 |  2  6  9 31 |  3  8 21 25 |  7 10 20 24 | 14 16 26 28 | 15 18 22 29 | 17 23 27 30 | 
 0  7 15 16 |  1  4 20 27 |  2 11 21 30 |  3 12 23 29 |  5 10 22 26 |  6  8 18 28 |  9 14 17 25 | 13 19 24 31 | 
 0  6 17 21 |  1  9 13 29 |  2  5 18 23 |  3  7 11 26 |  4 10 15 19 |  8 16 24 30 | 12 20 25 28 | 14 22 27 31 | 

8-4-5
variables : 2720 clauses : 9334995
model : 18.63s solve : 0.10s
 0  1  2  3 |  4  5  6  7 |  8  9 10 11 | 12 13 14 15 | 16 17 18 19 | 20 21 22 23 | 24 25 26 27 | 28 29 30 31 | 
 0  5  9 14 |  1  4 16 24 |  2  7  8 22 |  3  6 20 30 | 10 15 18 31 | 11 21 25 29 | 12 17 23 26 | 13 19 27 28 | 
 0  8 19 23 |  1 11 13 17 |  2 12 21 31 |  3  5 24 29 |  4 10 14 25 |  6 18 22 27 |  7  9 26 30 | 15 16 20 28 | 
 0  4 12 30 |  1  6 25 28 |  2  5 13 23 |  3  7 15 17 |  8 18 21 26 |  9 16 27 29 | 10 19 22 24 | 11 14 20 31 | 
 0  7 13 31 |  1 14 23 29 |  2 11 18 30 |  3 10 12 28 |  4  8 20 27 |  5 16 22 26 |  6 17 21 24 |  9 15 19 25 | 

8-4-6
variables : 3264 clauses : 11582922
model : 23.39s solve : 0.11s
 0  1  2  3 |  4  5  6  7 |  8  9 10 11 | 12 13 14 15 | 16 17 18 19 | 20 21 22 23 | 24 25 26 27 | 28 29 30 31 | 
 0  7  9 17 |  1  4 16 21 |  2 10 23 31 |  3  6 18 22 |  5 12 20 27 |  8 13 25 28 | 11 15 24 30 | 14 19 26 29 | 
 0 15 18 20 |  1  7 12 24 |  2  5 21 29 |  3 11 23 25 |  4  8 26 30 |  6 10 19 27 |  9 14 16 28 | 13 17 22 31 | 
 0 10 12 22 |  1  6 14 30 |  2  4 20 28 |  3  5  9 31 |  7 18 27 29 |  8 19 23 24 | 11 13 16 26 | 15 17 21 25 | 
 0  6 21 26 |  1 10 18 28 |  2  7 11 19 |  3  8 12 29 |  4  9 22 25 |  5 13 23 30 | 14 17 20 24 | 15 16 27 31 | 
 0  4 19 31 |  1  5  8 15 |  2  6  9 12 |  3  7 10 30 | 11 14 22 27 | 13 18 21 24 | 16 20 25 29 | 17 23 26 28 | 

8-4-7
variables : 3808 clauses : 13957825
model : 27.59s solve : 5.33s
 0  1  2  3 |  4  5  6  7 |  8  9 10 11 | 12 13 14 15 | 16 17 18 19 | 20 21 22 23 | 24 25 26 27 | 28 29 30 31 | 
 0 10 19 20 |  1  6 22 27 |  2  8 23 30 |  3 15 18 29 |  4 11 13 28 |  5 16 25 31 |  7  9 12 26 | 14 17 21 24 | 
 0  8 15 22 |  1 13 21 26 |  2 19 27 28 |  3  5  9 14 |  4 17 25 29 |  6 11 16 23 |  7 10 18 31 | 12 20 24 30 | 
 0 13 18 23 |  1  7 19 29 |  2  9 15 25 |  3  6 20 28 |  4 22 24 31 |  5 10 17 26 |  8 12 16 21 | 11 14 27 30 | 
 0  9 16 27 |  1 12 17 31 |  2  4 20 26 |  3 11 21 25 |  5  8 18 28 |  6 15 19 24 |  7 13 22 30 | 10 14 23 29 | 
 0  7 14 28 |  1  5 11 24 |  2 16 22 29 |  3  8 17 27 |  4 10 15 21 |  6 18 26 30 |  9 13 20 31 | 12 19 23 25 | 
 0  5 21 29 |  1 15 16 30 |  2  6 14 31 |  3 10 13 24 |  4 12 18 27 |  7  8 20 25 |  9 17 23 28 | 11 19 22 26 | 
