
8-4-1
variables : 9472 clauses : 28047
model : 0.04s solve : 0.00s
 0  1  2  3 |  4  5  6  7 |  8  9 10 11 | 12 13 14 15 | 16 17 18 19 | 20 21 22 23 | 24 25 26 27 | 28 29 30 31 | 

8-4-2
variables : 18944 clauses : 183074
model : 0.26s solve : 0.01s
 0  1  2  3 |  4  5  6  7 |  8  9 10 11 | 12 13 14 15 | 16 17 18 19 | 20 21 22 23 | 24 25 26 27 | 28 29 30 31 | 
 0 12 17 25 |  1 23 26 30 |  2 18 24 28 |  3  5 19 29 |  4  9 22 27 |  6  8 13 20 |  7 10 15 21 | 11 14 16 31 | 

8-4-3
variables : 28416 clauses : 465077
model : 0.69s solve : 0.02s
 0  1  2  3 |  4  5  6  7 |  8  9 10 11 | 12 13 14 15 | 16 17 18 19 | 20 21 22 23 | 24 25 26 27 | 28 29 30 31 | 
 0  4 10 13 |  1  6 11 15 |  2  8 12 20 |  3 16 22 26 |  5 14 18 30 |  7  9 27 29 | 17 21 24 28 | 19 23 25 31 | 
 0  6 22 25 |  1 13 20 24 |  2  9 15 18 |  3 23 27 30 |  4 12 17 26 |  5 10 19 28 |  7 11 14 31 |  8 16 21 29 | 

8-4-4
variables : 37888 clauses : 874056
model : 1.31s solve : 0.02s
 0  1  2  3 |  4  5  6  7 |  8  9 10 11 | 12 13 14 15 | 16 17 18 19 | 20 21 22 23 | 24 25 26 27 | 28 29 30 31 | 
 0  5 17 22 |  1 14 23 26 |  2  4 11 18 |  3 19 21 24 |  6 10 15 29 |  7  9 27 31 |  8 12 16 28 | 13 20 25 30 | 
 0 13 21 27 |  1  6 17 28 |  2 15 16 23 |  3 14 18 20 |  4  9 24 29 |  5 10 26 31 |  7  8 19 25 | 11 12 22 30 | 
 0 10 14 30 |  1  5 11 15 |  2  6  9 19 |  3  7 12 26 |  4  8 13 22 | 16 20 27 29 | 17 21 25 31 | 18 23 24 28 | 

8-4-5
variables : 47360 clauses : 1410011
model : 2.12s solve : 0.03s
 0  1  2  3 |  4  5  6  7 |  8  9 10 11 | 12 13 14 15 | 16 17 18 19 | 20 21 22 23 | 24 25 26 27 | 28 29 30 31 | 
 0  7 16 25 |  1  4 10 27 |  2  5 11 21 |  3 14 17 31 |  6  8 13 28 |  9 12 20 26 | 15 19 23 29 | 18 22 24 30 | 
 0 14 20 27 |  1  7  9 29 |  2 17 25 30 |  3  4 12 28 |  5 10 23 31 |  6 11 19 22 |  8 15 18 26 | 13 16 21 24 | 
 0  6 21 29 |  1 14 18 23 |  2  7 22 31 |  3 11 15 16 |  4 19 20 24 |  5  8 12 25 |  9 13 27 30 | 10 17 26 28 | 
 0 10 19 30 |  1 21 25 28 |  2 12 24 29 |  3  7 23 26 |  4 11 13 18 |  5  9 14 22 |  6 15 17 20 |  8 16 27 31 | 

8-4-6
variables : 56832 clauses : 2072942
model : 3.00s solve : 0.22s
 0  1  2  3 |  4  5  6  7 |  8  9 10 11 | 12 13 14 15 | 16 17 18 19 | 20 21 22 23 | 24 25 26 27 | 28 29 30 31 | 
 0 13 17 27 |  1  6  9 16 |  2  4 19 31 |  3 10 22 26 |  5 12 20 28 |  7  8 15 23 | 11 14 25 29 | 18 21 24 30 | 
 0  6 10 28 |  1 20 27 30 |  2  9 18 25 |  3 11 15 31 |  4 12 23 24 |  5 17 26 29 |  7 13 19 21 |  8 14 16 22 | 
 0  9 22 29 |  1  5 11 23 |  2  7 10 30 |  3 14 19 27 |  4  8 18 26 |  6 13 20 24 | 12 16 21 31 | 15 17 25 28 | 
 0 12 26 30 |  1 15 18 22 |  2  5  8 27 |  3  7 24 29 |  4  9 14 21 |  6 17 23 31 | 10 19 20 25 | 11 13 16 28 | 
 0  7 14 31 |  1  8 13 25 |  2  6 21 26 |  3  9 23 28 |  4 16 20 29 |  5 15 19 24 | 10 12 18 27 | 11 17 22 30 | 

8-4-7
variables : 66304 clauses : 2862849
model : 4.22s solve : 1.00s
 0  1  2  3 |  4  5  6  7 |  8  9 10 11 | 12 13 14 15 | 16 17 18 19 | 20 21 22 23 | 24 25 26 27 | 28 29 30 31 | 
 0 10 16 25 |  1  5 14 27 |  2  8 13 17 |  3 12 20 28 |  4 15 23 30 |  6 19 26 29 |  7  9 21 24 | 11 18 22 31 | 
 0  4 11 27 |  1  6  8 20 |  2 14 24 29 |  3  5  9 26 |  7 18 25 30 | 10 12 19 22 | 13 16 23 31 | 15 17 21 28 | 
 0  5 22 28 |  1 12 26 31 |  2  7 11 20 |  3 19 24 30 |  4 13 18 29 |  6  9 15 25 |  8 14 16 21 | 10 17 23 27 | 
 0 12 23 29 |  1  4 16 24 |  2  5 15 18 |  3 10 14 31 |  6 11 13 21 |  7 17 22 26 |  8 19 25 28 |  9 20 27 30 | 
 0  6 14 30 |  1 11 23 25 |  2 19 21 27 |  3 16 22 29 |  4  9 12 17 |  5 13 20 24 |  7  8 15 31 | 10 18 26 28 | 
 0  9 19 31 |  1 10 21 30 |  2  6 23 28 |  3  7 13 27 |  4 14 22 25 |  5 11 17 29 |  8 12 18 24 | 15 16 20 26 | 
