
8-4-1
variables : 1536 clauses : 4239
model : 0.01s solve : 0.00s
 0  1  2  3 |  4  5  6  7 |  8  9 10 11 | 12 13 14 15 | 16 17 18 19 | 20 21 22 23 | 24 25 26 27 | 28 29 30 31 | 

8-4-2
variables : 3072 clauses : 135454
model : 0.22s solve : 0.00s
 0  1  2  3 |  4  5  6  7 |  8  9 10 11 | 12 13 14 15 | 16 17 18 19 | 20 21 22 23 | 24 25 26 27 | 28 29 30 31 | 
 0 23 27 29 |  1 22 26 30 |  2 21 24 28 |  3 19 20 25 |  4  9 13 18 |  5 10 14 17 |  6 11 15 31 |  7  8 12 16 | 

8-4-3
variables : 4608 clauses : 393645
model : 0.69s solve : 0.00s
 0  1  2  3 |  4  5  6  7 |  8  9 10 11 | 12 13 14 15 | 16 17 18 19 | 20 21 22 23 | 24 25 26 27 | 28 29 30 31 | 
 0 22 24 29 |  1 23 25 31 |  2  6 13 18 |  3  5 10 26 |  4  9 16 20 |  7  8 12 17 | 11 14 19 28 | 15 21 27 30 | 
 0  6 19 30 |  1 12 20 29 |  2  9 14 25 |  3 11 15 18 |  4 22 26 28 |  5  8 27 31 |  7 13 16 21 | 10 17 23 24 | 

8-4-4
variables : 6144 clauses : 778812
model : 1.49s solve : 0.01s
 0  1  2  3 |  4  5  6  7 |  8  9 10 11 | 12 13 14 15 | 16 17 18 19 | 20 21 22 23 | 24 25 26 27 | 28 29 30 31 | 
 0  6 11 12 |  1 13 16 24 |  2  5 10 15 |  3  7 17 20 |  4  9 14 30 |  8 22 27 28 | 18 23 26 31 | 19 21 25 29 | 
 0  9 19 22 |  1  7 14 25 |  2  6 24 31 |  3  4  8 13 |  5 12 23 27 | 10 16 21 28 | 11 18 20 30 | 15 17 26 29 | 
 0  4 21 24 |  1  5  9 20 |  2 18 22 25 |  3 15 27 31 |  6 10 14 29 |  7  8 19 23 | 11 13 17 28 | 12 16 26 30 | 

8-4-5
variables : 7680 clauses : 1290955
model : 2.39s solve : 0.03s
 0  1  2  3 |  4  5  6  7 |  8  9 10 11 | 12 13 14 15 | 16 17 18 19 | 20 21 22 23 | 24 25 26 27 | 28 29 30 31 | 
 0  7  8 25 |  1 13 17 21 |  2 11 24 30 |  3  5 10 18 |  4  9 12 19 |  6 15 20 29 | 14 23 27 31 | 16 22 26 28 | 
 0 18 21 26 |  1  6  9 14 |  2  7 10 28 |  3  8 15 23 |  4 16 25 30 |  5 11 13 31 | 12 17 20 27 | 19 22 24 29 | 
 0  5 22 27 |  1 18 25 29 |  2  4  8 20 |  3 14 26 30 |  6 13 19 28 |  7  9 17 31 | 10 12 23 24 | 11 15 16 21 | 
 0 10 16 29 |  1 11 19 27 |  2  5 12 26 |  3  4 21 24 |  6  8 22 31 |  7 14 18 20 |  9 13 23 30 | 15 17 25 28 | 

8-4-6
variables : 9216 clauses : 1930074
model : 3.42s solve : 0.17s
 0  1  2  3 |  4  5  6  7 |  8  9 10 11 | 12 13 14 15 | 16 17 18 19 | 20 21 22 23 | 24 25 26 27 | 28 29 30 31 | 
 0  4  9 17 |  1  5 27 28 |  2  8 20 30 |  3 10 14 22 |  6 11 18 24 |  7 15 19 31 | 12 23 25 29 | 13 16 21 26 | 
 0  7 10 18 |  1  4 26 30 |  2 13 25 31 |  3  8 15 17 |  5 22 24 29 |  6  9 23 27 | 11 12 19 21 | 14 16 20 28 | 
 0  5 15 25 |  1 14 24 31 |  2  7 23 26 |  3 11 16 30 |  4 18 21 28 |  6 10 17 29 |  8 12 22 27 |  9 13 19 20 | 
 0 22 26 28 |  1 10 19 25 |  2  6 15 16 |  3  4 20 24 |  5 14 17 21 |  7  9 12 30 |  8 18 23 31 | 11 13 27 29 | 
 0 11 20 31 |  1  9 15 18 |  2  4 14 27 |  3  5 19 26 |  6 22 25 30 |  7  8 21 29 | 10 12 16 24 | 13 17 23 28 | 

8-4-7
variables : 10752 clauses : 2696169
model : 4.91s solve : 0.72s
 0  1  2  3 |  4  5  6  7 |  8  9 10 11 | 12 13 14 15 | 16 17 18 19 | 20 21 22 23 | 24 25 26 27 | 28 29 30 31 | 
 0  5 11 16 |  1  6 19 21 |  2  9 22 28 |  3 12 25 31 |  4 15 18 26 |  7 14 17 24 |  8 13 23 29 | 10 20 27 30 | 
 0  4 10 19 |  1  5 26 29 |  2 11 14 30 |  3 15 22 24 |  6 12 23 27 |  7  9 18 31 |  8 16 20 25 | 13 17 21 28 | 
 0  7 15 20 |  1  9 25 30 |  2  4 17 29 |  3  5 13 27 |  6 11 22 31 |  8 19 24 28 | 10 14 18 23 | 12 16 21 26 | 
 0 12 18 24 |  1  7 11 28 |  2  8 21 27 |  3  6 26 30 |  4 13 20 31 |  5 10 17 25 |  9 15 19 23 | 14 16 22 29 | 
 0  6 13 25 |  1 10 16 24 |  2  7 23 26 |  3  9 21 29 |  4 14 27 28 |  5 18 22 30 |  8 15 17 31 | 11 12 19 20 | 
 0 17 22 27 |  1  4  8 12 |  2  6 10 15 |  3 16 23 28 |  5 21 24 31 |  7 13 19 30 |  9 14 20 26 | 11 18 25 29 | 
