
8-4-1
variables : 1536 clauses : 4239
model : 0.01s solve : 0.00s
 0  1  2  3 |  4  5  6  7 |  8  9 10 11 | 12 13 14 15 | 16 17 18 19 | 20 21 22 23 | 24 25 26 27 | 28 29 30 31 | 

8-4-2
variables : 3072 clauses : 135458
model : 0.22s solve : 0.00s
 0  1  2  3 |  4  5  6  7 |  8  9 10 11 | 12 13 14 15 | 16 17 18 19 | 20 21 22 23 | 24 25 26 27 | 28 29 30 31 | 
 0 14 17 30 |  1 16 22 24 |  2 15 25 28 |  3 10 20 29 |  4  8 13 27 |  5 11 18 21 |  6 12 23 26 |  7  9 19 31 | 

8-4-3
variables : 4608 clauses : 393653
model : 0.66s solve : 0.01s
 0  1  2  3 |  4  5  6  7 |  8  9 10 11 | 12 13 14 15 | 16 17 18 19 | 20 21 22 23 | 24 25 26 27 | 28 29 30 31 | 
 0  6 13 16 |  1  7 14 17 |  2  4 12 18 |  3  5 15 19 |  8 20 26 30 |  9 22 24 31 | 10 23 27 28 | 11 21 25 29 | 
 0 17 20 28 |  1  5 12 16 |  2  6 22 30 |  3  4 13 21 |  7  8 23 24 |  9 14 18 25 | 10 19 26 29 | 11 15 27 31 | 

8-4-4
variables : 6144 clauses : 778824
model : 1.49s solve : 0.02s
 0  1  2  3 |  4  5  6  7 |  8  9 10 11 | 12 13 14 15 | 16 17 18 19 | 20 21 22 23 | 24 25 26 27 | 28 29 30 31 | 
 0  6 11 18 |  1 13 23 28 |  2  9 12 30 |  3  7  8 14 |  4 19 21 24 |  5 17 26 29 | 10 20 25 31 | 15 16 22 27 | 
 0 10 16 28 |  1  4 11 30 |  2 14 17 27 |  3 12 24 29 |  5  9 23 31 |  6 15 21 25 |  7 19 22 26 |  8 13 18 20 | 
 0 13 27 30 |  1  9 15 20 |  2  6 24 31 |  3  5 11 19 |  4 22 25 28 |  7 16 23 29 |  8 12 17 21 | 10 14 18 26 | 

8-4-5
variables : 7680 clauses : 1290971
model : 2.60s solve : 0.02s
 0  1  2  3 |  4  5  6  7 |  8  9 10 11 | 12 13 14 15 | 16 17 18 19 | 20 21 22 23 | 24 25 26 27 | 28 29 30 31 | 
 0  6  9 15 |  1  4  8 19 |  2  5 11 13 |  3  7 25 31 | 10 12 20 29 | 14 17 21 27 | 16 23 26 30 | 18 22 24 28 | 
 0  8 14 22 |  1 15 20 27 |  2 12 18 26 |  3  9 19 30 |  4 10 16 28 |  5 21 25 29 |  6 11 17 31 |  7 13 23 24 | 
 0 19 25 28 |  1 12 17 30 |  2  8 23 27 |  3 13 18 29 |  4 11 15 22 |  5  9 24 31 |  6 10 21 26 |  7 14 16 20 | 
 0 16 27 29 |  1  7 26 28 |  2 10 15 25 |  3  6 14 23 |  4  9 13 17 |  5 12 19 22 |  8 18 20 31 | 11 21 24 30 | 

8-4-6
variables : 9216 clauses : 1930094
model : 3.49s solve : 0.10s
 0  1  2  3 |  4  5  6  7 |  8  9 10 11 | 12 13 14 15 | 16 17 18 19 | 20 21 22 23 | 24 25 26 27 | 28 29 30 31 | 
 0 15 17 21 |  1  5 12 25 |  2 11 23 28 |  3  7 13 29 |  4 10 14 20 |  6 18 27 30 |  8 19 24 31 |  9 16 22 26 | 
 0  6  8 22 |  1  4  9 19 |  2 12 16 24 |  3  5 18 21 |  7 15 20 28 | 10 17 25 30 | 11 13 26 31 | 14 23 27 29 | 
 0  4 13 27 |  1  6 15 16 |  2  7 18 26 |  3 20 25 31 |  5  8 14 17 |  9 12 23 30 | 10 19 21 28 | 11 22 24 29 | 
 0  5 16 29 |  1 14 22 31 |  2 13 19 20 |  3 15 24 30 |  4 11 12 18 |  6 10 23 26 |  7  8 21 25 |  9 17 27 28 | 
 0 18 23 31 |  1  8 13 28 |  2  4 22 25 |  3  6 11 17 |  5  9 20 24 |  7 10 12 27 | 14 16 21 30 | 15 19 26 29 | 

8-4-7
variables : 10752 clauses : 2696193
model : 4.77s solve : 1.54s
 0  1  2  3 |  4  5  6  7 |  8  9 10 11 | 12 13 14 15 | 16 17 18 19 | 20 21 22 23 | 24 25 26 27 | 28 29 30 31 | 
 0 12 19 25 |  1 14 21 24 |  2  7 16 28 |  3  6 11 15 |  4 10 22 31 |  5 13 27 29 |  8 17 23 26 |  9 18 20 30 | 
 0  9 14 26 |  1  5 22 30 |  2  8 18 25 |  3  4 23 27 |  6 12 17 20 |  7 10 19 29 | 11 13 21 28 | 15 16 24 31 | 
 0  8 16 27 |  1 15 26 29 |  2  4  9 17 |  3 10 18 21 |  5 11 25 31 |  6 13 23 30 |  7 12 22 24 | 14 19 20 28 | 
 0 11 18 29 |  1  8 13 19 |  2  6 14 31 |  3 16 22 26 |  4 15 20 25 |  5 10 17 24 |  7 21 27 30 |  9 12 23 28 | 
 0 15 17 30 |  1  7 18 31 |  2 10 20 27 |  3  9 13 24 |  4 11 19 26 |  5 12 16 21 |  6  8 22 28 | 14 23 25 29 | 
 0 13 20 31 |  1 10 16 25 |  2 11 23 24 |  3  7 14 17 |  4  8 12 30 |  5 18 26 28 |  6  9 21 29 | 15 19 22 27 | 
