
8-4-1
variables : 9472 clauses : 12175
model : 0.02s solve : 0.00s
 0  1  2  3 |  4  5  6  7 |  8  9 10 11 | 12 13 14 15 | 16 17 18 19 | 20 21 22 23 | 24 25 26 27 | 28 29 30 31 | 

8-4-2
variables : 18944 clauses : 151326
model : 0.21s solve : 0.00s
 0  1  2  3 |  4  5  6  7 |  8  9 10 11 | 12 13 14 15 | 16 17 18 19 | 20 21 22 23 | 24 25 26 27 | 28 29 30 31 | 
 0  4  9 26 |  1  6  8 16 |  2  7 18 21 |  3  5 10 28 | 11 14 20 31 | 12 19 23 24 | 13 22 25 30 | 15 17 27 29 | 

8-4-3
variables : 28416 clauses : 417453
model : 0.62s solve : 0.01s
 0  1  2  3 |  4  5  6  7 |  8  9 10 11 | 12 13 14 15 | 16 17 18 19 | 20 21 22 23 | 24 25 26 27 | 28 29 30 31 | 
 0  8 12 27 |  1 10 16 20 |  2 14 18 29 |  3  9 15 23 |  4 13 22 28 |  5 19 24 31 |  6 21 26 30 |  7 11 17 25 | 
 0 11 14 30 |  1  4  8 15 |  2  5 13 27 |  3  6 18 31 |  7 10 23 24 |  9 12 16 22 | 17 20 26 28 | 19 21 25 29 | 

8-4-4
variables : 37888 clauses : 810556
model : 1.25s solve : 0.05s
 0  1  2  3 |  4  5  6  7 |  8  9 10 11 | 12 13 14 15 | 16 17 18 19 | 20 21 22 23 | 24 25 26 27 | 28 29 30 31 | 
 0  7 10 16 |  1  9 14 31 |  2  8 13 25 |  3 17 21 24 |  4 20 26 29 |  5 18 23 30 |  6 11 12 28 | 15 19 22 27 | 
 0  4  9 25 |  1  6 19 21 |  2  5 16 26 |  3 10 22 29 |  7  8 12 18 | 11 15 17 31 | 13 23 24 28 | 14 20 27 30 | 
 0  6 26 31 |  1 13 16 22 |  2  9 12 24 |  3  7 19 30 |  4 14 17 23 |  5 11 20 25 |  8 21 27 29 | 10 15 18 28 | 

8-4-5
variables : 47360 clauses : 1330635
model : 1.86s solve : 0.07s
 0  1  2  3 |  4  5  6  7 |  8  9 10 11 | 12 13 14 15 | 16 17 18 19 | 20 21 22 23 | 24 25 26 27 | 28 29 30 31 | 
 0  7 13 22 |  1  4 23 24 |  2  5 27 28 |  3 10 21 25 |  6 11 19 20 |  8 14 16 29 |  9 15 18 30 | 12 17 26 31 | 
 0 17 20 29 |  1  5 15 16 |  2 14 24 31 |  3 11 18 23 |  4  9 12 25 |  6 10 22 26 |  7 19 21 28 |  8 13 27 30 | 
 0  5 12 30 |  1 14 17 25 |  2  7  9 20 |  3 19 27 31 |  4 11 16 22 |  6  8 18 21 | 10 13 24 28 | 15 23 26 29 | 
 0 10 23 31 |  1 18 20 27 |  2  4 15 17 |  3  9 13 26 |  5 21 24 29 |  6 12 16 28 |  7 11 14 30 |  8 19 22 25 | 

8-4-6
variables : 56832 clauses : 1977690
model : 2.82s solve : 0.25s
 0  1  2  3 |  4  5  6  7 |  8  9 10 11 | 12 13 14 15 | 16 17 18 19 | 20 21 22 23 | 24 25 26 27 | 28 29 30 31 | 
 0  5 14 16 |  1  9 17 26 |  2  6  8 25 |  3 12 23 29 |  4 10 19 27 |  7 18 22 28 | 11 13 20 31 | 15 21 24 30 | 
 0  6 15 20 |  1 13 18 21 |  2  4 26 29 |  3 11 24 28 |  5  8 17 27 |  7  9 23 31 | 10 12 16 30 | 14 19 22 25 | 
 0  4  8 28 |  1  5 22 24 |  2 11 19 23 |  3  6  9 30 |  7 12 20 26 | 10 14 17 21 | 13 16 27 29 | 15 18 25 31 | 
 0  7 17 29 |  1 23 27 30 |  2  5 10 13 |  3  8 14 20 |  4 11 12 18 |  6 19 24 31 |  9 21 25 28 | 15 16 22 26 | 
 0 12 21 31 |  1  7 10 25 |  2 16 20 28 |  3  4 15 17 |  5 18 23 26 |  6 11 22 27 |  8 13 19 30 |  9 14 24 29 | 

8-4-7
variables : 66304 clauses : 2751721
model : 3.95s solve : 6.95s
 0  1  2  3 |  4  5  6  7 |  8  9 10 11 | 12 13 14 15 | 16 17 18 19 | 20 21 22 23 | 24 25 26 27 | 28 29 30 31 | 
 0  6 15 17 |  1 10 18 23 |  2  8 25 30 |  3 11 16 27 |  4 12 22 26 |  5 13 21 28 |  7  9 19 29 | 14 20 24 31 | 
 0  7  8 21 |  1 15 24 29 |  2  4 10 19 |  3 12 23 30 |  5 16 25 31 |  6 14 26 28 |  9 17 22 27 | 11 13 18 20 | 
 0  5 18 24 |  1  7 22 28 |  2 15 20 27 |  3  4 17 31 |  6 10 13 16 |  8 14 23 29 |  9 12 21 25 | 11 19 26 30 | 
 0  4  9 28 |  1  6 20 25 |  2  7 11 23 |  3  5 15 19 |  8 12 18 31 | 10 14 21 27 | 13 17 26 29 | 16 22 24 30 | 
 0 10 12 29 |  1  4 27 30 |  2  6  9 18 |  3  7 14 25 |  5  8 20 26 | 11 17 21 24 | 13 19 22 31 | 15 16 23 28 | 
 0 23 27 31 |  1  5  9 14 |  2 16 21 26 |  3  8 13 24 |  4 15 18 25 |  6 11 22 29 |  7 10 17 30 | 12 19 20 28 | 
