
8-4-1
variables : 9472 clauses : 28047
model : 0.04s solve : 0.00s
 0  1  2  3 |  4  5  6  7 |  8  9 10 11 | 12 13 14 15 | 16 17 18 19 | 20 21 22 23 | 24 25 26 27 | 28 29 30 31 | 

8-4-2
variables : 18944 clauses : 183070
model : 0.23s solve : 0.02s
 0  1  2  3 |  4  5  6  7 |  8  9 10 11 | 12 13 14 15 | 16 17 18 19 | 20 21 22 23 | 24 25 26 27 | 28 29 30 31 | 
 0  5 14 19 |  1 12 22 29 |  2 17 25 30 |  3  8 13 18 |  4 10 20 26 |  6  9 23 31 |  7 21 24 28 | 11 15 16 27 | 

8-4-3
variables : 28416 clauses : 465069
model : 0.67s solve : 0.01s
 0  1  2  3 |  4  5  6  7 |  8  9 10 11 | 12 13 14 15 | 16 17 18 19 | 20 21 22 23 | 24 25 26 27 | 28 29 30 31 | 
 0  4 12 25 |  1 14 17 31 |  2 11 23 27 |  3 18 20 29 |  5 16 22 24 |  6  8 15 28 |  7 10 26 30 |  9 13 19 21 | 
 0  6 20 30 |  1  4 13 24 |  2  8 22 26 |  3  9 23 25 |  5 18 21 27 |  7 14 19 28 | 10 15 16 31 | 11 12 17 29 | 

8-4-4
variables : 37888 clauses : 874044
model : 1.30s solve : 0.03s
 0  1  2  3 |  4  5  6  7 |  8  9 10 11 | 12 13 14 15 | 16 17 18 19 | 20 21 22 23 | 24 25 26 27 | 28 29 30 31 | 
 0  8 15 16 |  1 11 14 29 |  2 10 13 23 |  3  5 19 24 |  4 18 22 28 |  6 20 27 31 |  7  9 26 30 | 12 17 21 25 | 
 0  7 12 23 |  1  8 20 24 |  2  6 25 28 |  3  4 21 30 |  5 10 16 26 |  9 14 19 31 | 11 15 18 27 | 13 17 22 29 | 
 0  6 13 26 |  1  5  9 21 |  2 15 20 30 |  3 23 25 29 |  4 14 16 27 |  7  8 18 31 | 10 12 19 22 | 11 17 24 28 | 

8-4-5
variables : 47360 clauses : 1409995
model : 2.10s solve : 0.04s
 0  1  2  3 |  4  5  6  7 |  8  9 10 11 | 12 13 14 15 | 16 17 18 19 | 20 21 22 23 | 24 25 26 27 | 28 29 30 31 | 
 0  5 11 16 |  1  8 12 31 |  2 10 23 28 |  3  7 20 24 |  4 15 18 30 |  6 13 26 29 |  9 19 22 27 | 14 17 21 25 | 
 0 10 12 17 |  1  5 23 30 |  2  7 25 29 |  3  8 14 27 |  4 11 24 28 |  6  9 18 21 | 13 16 22 31 | 15 19 20 26 | 
 0  7  8 19 |  1 11 27 29 |  2  5  9 14 |  3  4 13 23 |  6 12 16 28 | 10 18 20 25 | 15 21 24 31 | 17 22 26 30 | 
 0  6 15 22 |  1  7 18 26 |  2 20 27 31 |  3  5 17 28 |  4  9 12 25 |  8 23 24 29 | 10 14 16 30 | 11 13 19 21 | 

8-4-6
variables : 56832 clauses : 2072922
model : 3.14s solve : 0.58s
 0  1  2  3 |  4  5  6  7 |  8  9 10 11 | 12 13 14 15 | 16 17 18 19 | 20 21 22 23 | 24 25 26 27 | 28 29 30 31 | 
 0 10 12 17 |  1  7 11 26 |  2  4  8 18 |  3 13 20 31 |  5 23 24 29 |  6 15 25 30 |  9 14 16 22 | 19 21 27 28 | 
 0  6 16 20 |  1 12 22 24 |  2 15 23 31 |  3  5 19 30 |  4 11 13 25 |  7  8 17 28 |  9 18 21 26 | 10 14 27 29 | 
 0  9 13 23 |  1  4 15 28 |  2  6 11 24 |  3 10 21 25 |  5  8 16 27 |  7 14 19 31 | 12 18 20 30 | 17 22 26 29 | 
 0  4 27 30 |  1 16 21 29 |  2 14 17 20 |  3  6 23 28 |  5 11 15 22 |  7  9 12 25 |  8 13 19 26 | 10 18 24 31 | 
 0 11 21 31 |  1  5  9 17 |  2 16 26 30 |  3  7 15 27 |  4 19 20 24 |  6  8 12 29 | 10 13 22 28 | 14 18 23 25 | 

8-4-7
variables : 66304 clauses : 2862825
model : 4.09s solve : 2.31s
 0  1  2  3 |  4  5  6  7 |  8  9 10 11 | 12 13 14 15 | 16 17 18 19 | 20 21 22 23 | 24 25 26 27 | 28 29 30 31 | 
 0 15 19 20 |  1 13 23 31 |  2  8 17 26 |  3  7 14 28 |  4  9 22 24 |  5 18 25 30 |  6 10 16 29 | 11 12 21 27 | 
 0  4 16 23 |  1  7 26 29 |  2  5 13 28 |  3 10 19 27 |  6 12 17 22 |  8 15 21 30 |  9 14 20 25 | 11 18 24 31 | 
 0 11 17 28 |  1  8 14 18 |  2  6 20 27 |  3  5 21 31 |  4 12 19 25 |  7 10 24 30 |  9 15 23 29 | 13 16 22 26 | 
 0 12 18 29 |  1  6 15 24 |  2  7  9 31 |  3 13 17 25 |  4 10 14 21 |  5 11 16 20 |  8 22 27 28 | 19 23 26 30 | 
 0  9 13 30 |  1 10 12 20 |  2  4 15 18 |  3  6 11 26 |  5  8 24 29 |  7 17 23 27 | 14 19 22 31 | 16 21 25 28 | 
 0  6 25 31 |  1  5  9 27 |  2 14 23 24 |  3  8 12 16 |  4 17 20 30 |  7 11 15 22 | 10 18 26 28 | 13 19 21 29 | 
