
8-4-1
variables : 0 clauses : 0
model : 0.00s solver : 0.00s

|0  1  2  3  | 4  5  6  7  | 8  9  10 11 | 12 13 14 15 | 16 17 18 19 | 20 21 22 23 | 24 25 26 27 | 28 29 30 31 | 

8-4-2
variables : 12260 clauses : 23843
model : 0.03s solver : 0.01s

|0  1  2  3  | 4  5  6  7  | 8  9  10 11 | 12 13 14 15 | 16 17 18 19 | 20 21 22 23 | 24 25 26 27 | 28 29 30 31 | 
|0  23 24 29 | 1  17 27 31 | 2  11 16 21 | 3  14 18 25 | 4  19 20 26 | 5  9  12 30 | 6  8  15 22 | 7  10 13 28 | 

8-4-3
variables : 28552 clauses : 55654
model : 0.06s solver : 0.03s

|0  1  2  3  | 4  5  6  7  | 8  9  10 11 | 12 13 14 15 | 16 17 18 19 | 20 21 22 23 | 24 25 26 27 | 28 29 30 31 | 
|0  17 24 30 | 1  13 19 20 | 2  11 16 27 | 3  4  8  31 | 5  18 21 29 | 6  14 26 28 | 7  10 12 22 | 9  15 23 25 | 
|0  4  13 16 | 1  22 27 30 | 2  17 26 31 | 3  11 12 18 | 5  19 23 24 | 6  10 15 21 | 7  8  25 28 | 9  14 20 29 | 

8-4-4
variables : 48876 clauses : 95401
model : 0.10s solver : 0.09s

|0  1  2  3  | 4  5  6  7  | 8  9  10 11 | 12 13 14 15 | 16 17 18 19 | 20 21 22 23 | 24 25 26 27 | 28 29 30 31 | 
|0  15 23 26 | 1  7  10 16 | 2  11 19 21 | 3  14 17 31 | 4  9  12 22 | 5  8  24 30 | 6  18 27 28 | 13 20 25 29 | 
|0  6  12 21 | 1  15 20 28 | 2  7  8  25 | 3  10 19 30 | 4  16 26 31 | 5  13 18 22 | 9  14 27 29 | 11 17 23 24 | 
|0  7  11 20 | 1  14 25 30 | 2  5  27 31 | 3  12 18 23 | 4  10 24 29 | 6  15 17 22 | 8  13 16 21 | 9  19 26 28 | 

8-4-5
variables : 73232 clauses : 143084
model : 0.17s solver : 0.09s

|0  1  2  3  | 4  5  6  7  | 8  9  10 11 | 12 13 14 15 | 16 17 18 19 | 20 21 22 23 | 24 25 26 27 | 28 29 30 31 | 
|0  4  18 31 | 1  14 24 30 | 2  5  22 27 | 3  9  12 21 | 6  11 19 23 | 7  13 25 28 | 8  15 17 20 | 10 16 26 29 | 
|0  5  15 29 | 1  16 21 25 | 2  11 26 30 | 3  8  23 28 | 4  14 19 22 | 6  13 17 27 | 7  10 12 31 | 9  18 20 24 | 
|0  10 22 28 | 1  12 27 29 | 2  13 19 21 | 3  11 15 18 | 4  9  23 30 | 5  20 25 31 | 6  8  16 24 | 7  14 17 26 | 
|0  11 13 16 | 1  18 23 26 | 2  9  17 25 | 3  7  20 29 | 4  15 21 28 | 5  10 19 24 | 6  12 22 30 | 8  14 27 31 | 

8-4-6
variables : 101620 clauses : 198703
model : 0.23s solver : 0.60s

|0  1  2  3  | 4  5  6  7  | 8  9  10 11 | 12 13 14 15 | 16 17 18 19 | 20 21 22 23 | 24 25 26 27 | 28 29 30 31 | 
|0  9  22 26 | 1  15 16 20 | 2  7  10 12 | 3  14 17 23 | 4  8  25 30 | 5  11 13 29 | 6  19 24 31 | 18 21 27 28 | 
|0  6  12 25 | 1  10 24 29 | 2  4  11 20 | 3  7  21 31 | 5  9  14 16 | 8  17 22 27 | 13 18 23 30 | 15 19 26 28 | 
|0  4  13 21 | 1  7  23 25 | 2  14 19 27 | 3  10 15 18 | 5  22 24 30 | 6  9  17 29 | 8  12 20 28 | 11 16 26 31 | 
|0  5  10 20 | 1  8  14 26 | 2  13 17 28 | 3  6  27 30 | 4  9  18 31 | 7  11 15 22 | 12 16 23 24 | 19 21 25 29 | 
|0  7  8  19 | 1  5  27 31 | 2  9  15 24 | 3  11 25 28 | 4  23 26 29 | 6  14 18 20 | 10 13 16 22 | 12 17 21 30 | 

8-4-7
variables : 134040 clauses : 262258
model : 0.30s solver : 13.61s

|0  1  2  3  | 4  5  6  7  | 8  9  10 11 | 12 13 14 15 | 16 17 18 19 | 20 21 22 23 | 24 25 26 27 | 28 29 30 31 | 
|0  13 23 31 | 1  5  17 25 | 2  9  15 20 | 3  4  26 30 | 6  11 22 29 | 7  8  14 16 | 10 19 24 28 | 12 18 21 27 | 
|0  9  14 27 | 1  7  10 29 | 2  18 24 30 | 3  5  13 16 | 4  12 19 20 | 6  21 25 28 | 8  17 22 31 | 11 15 23 26 | 
|0  10 12 25 | 1  21 26 31 | 2  7  13 28 | 3  11 17 20 | 4  15 16 24 | 5  14 18 22 | 6  9  23 30 | 8  19 27 29 | 
|0  17 21 24 | 1  4  11 13 | 2  5  19 23 | 3  8  15 28 | 6  16 27 31 | 7  12 22 26 | 9  18 25 29 | 10 14 20 30 | 
|0  6  8  20 | 1  16 22 28 | 2  4  14 17 | 3  9  19 21 | 5  11 27 30 | 7  15 25 31 | 10 13 18 26 | 12 23 24 29 | 
|0  7  11 19 | 1  6  15 18 | 2  16 26 29 | 3  14 23 25 | 4  10 22 27 | 5  20 24 31 | 8  13 21 30 | 9  12 17 28 | 
