
8-4-1
variables : 0 clauses : 0
model : 0.00s solver : 0.00s
UNSAT

8-4-2
variables : 11972 clauses : 22652
model : 0.02s solver : 0.01s

|0  1  2  3  | 4  5  6  7  | 8  9  10 11 | 12 13 14 15 | 16 17 18 19 | 20 21 22 23 | 24 25 26 27 | 28 29 30 31 | 
|0  7  13 17 | 1  19 21 26 | 2  18 22 29 | 3  20 25 28 | 10 15 16 27 | 4  8  12 31 | 5  9  14 23 | 6  11 24 30 | 

8-4-3
variables : 27976 clauses : 53240
model : 0.06s solver : 0.04s

|0  1  2  3  | 4  5  6  7  | 8  9  10 11 | 12 13 14 15 | 16 17 18 19 | 20 21 22 23 | 24 25 26 27 | 28 29 30 31 | 
|0  23 25 29 | 1  22 27 31 | 2  8  13 28 | 3  4  11 15 | 5  12 19 24 | 6  9  17 21 | 18 20 26 30 | 7  10 14 16 | 
|0  12 22 28 | 1  5  17 29 | 2  11 18 21 | 3  16 24 30 | 15 20 25 31 | 7  9  23 27 | 4  8  14 26 | 6  10 13 19 | 

8-4-4
variables : 48012 clauses : 91764
model : 0.10s solver : 0.07s

|0  1  2  3  | 4  5  6  7  | 8  9  10 11 | 12 13 14 15 | 16 17 18 19 | 20 21 22 23 | 24 25 26 27 | 28 29 30 31 | 
|0  9  12 22 | 1  7  8  17 | 2  23 26 29 | 3  10 13 20 | 6  18 21 25 | 15 16 27 28 | 4  11 24 31 | 5  14 19 30 | 
|0  5  25 31 | 1  4  10 28 | 2  15 19 21 | 3  17 22 29 | 8  18 20 30 | 6  13 23 27 | 7  9  14 24 | 11 12 16 26 | 
|0  6  20 26 | 1  15 24 29 | 2  5  22 28 | 3  11 23 30 | 4  8  12 19 | 7  18 27 31 | 10 14 16 25 | 9  13 17 21 | 

8-4-5
variables : 72080 clauses : 138224
model : 0.16s solver : 0.13s

|0  1  2  3  | 4  5  6  7  | 8  9  10 11 | 12 13 14 15 | 16 17 18 19 | 20 21 22 23 | 24 25 26 27 | 28 29 30 31 | 
|0  15 16 30 | 1  4  14 19 | 2  11 17 22 | 3  8  12 24 | 5  9  25 29 | 13 18 21 27 | 6  10 20 28 | 7  23 26 31 | 
|0  11 18 31 | 1  6  13 22 | 2  14 20 30 | 3  17 23 27 | 7  12 21 25 | 10 19 26 29 | 5  8  16 28 | 4  9  15 24 | 
|0  7  13 17 | 1  5  23 24 | 2  15 27 31 | 3  4  16 21 | 9  14 26 28 | 8  19 20 25 | 10 18 22 30 | 6  11 12 29 | 
|0  19 22 24 | 1  17 25 28 | 2  18 23 29 | 3  7  9  30 | 6  8  15 21 | 10 13 16 31 | 4  12 20 26 | 5  11 14 27 | 

8-4-6
variables : 100180 clauses : 192620
model : 0.23s solver : 0.39s

|0  1  2  3  | 4  5  6  7  | 8  9  10 11 | 12 13 14 15 | 16 17 18 19 | 20 21 22 23 | 24 25 26 27 | 28 29 30 31 | 
|0  17 22 30 | 1  8  15 21 | 2  16 23 26 | 3  5  13 20 | 6  11 18 29 | 7  10 19 24 | 4  12 25 28 | 9  14 27 31 | 
|0  6  12 26 | 1  7  17 20 | 2  5  9  28 | 3  8  14 22 | 15 16 25 30 | 18 21 24 31 | 4  11 13 19 | 10 23 27 29 | 
|0  5  11 16 | 1  6  19 27 | 2  14 21 25 | 3  7  9  26 | 10 12 17 31 | 13 23 24 30 | 8  18 20 28 | 4  15 22 29 | 
|0  8  19 31 | 1  5  23 25 | 2  11 12 24 | 3  16 21 29 | 4  14 17 26 | 10 13 18 22 | 6  9  20 30 | 7  15 27 28 | 
|0  4  9  23 | 1  14 16 24 | 2  8  13 17 | 3  12 27 30 | 19 20 25 29 | 7  11 22 31 | 6  10 21 28 | 5  15 18 26 | 

8-4-7
variables : 132312 clauses : 254952
model : 0.30s solver : 9.45s

|0  1  2  3  | 4  5  6  7  | 8  9  10 11 | 12 13 14 15 | 16 17 18 19 | 20 21 22 23 | 24 25 26 27 | 28 29 30 31 | 
|0  6  12 24 | 1  16 20 27 | 2  10 22 29 | 3  7  9  18 | 8  14 21 25 | 17 23 26 28 | 5  15 19 31 | 4  11 13 30 | 
|0  19 21 29 | 1  13 18 26 | 2  4  14 17 | 3  5  11 22 | 7  16 25 28 | 8  12 20 31 | 6  9  23 27 | 10 15 24 30 | 
|0  4  26 31 | 1  5  12 28 | 2  6  20 25 | 3  10 14 23 | 9  13 16 24 | 8  15 17 29 | 7  19 22 30 | 11 18 21 27 | 
|0  14 18 30 | 1  7  8  24 | 2  11 15 23 | 3  16 21 31 | 6  10 19 28 | 4  12 22 27 | 9  20 26 29 | 5  13 17 25 | 
|0  13 20 28 | 1  9  14 19 | 2  5  21 24 | 3  17 27 30 | 10 18 25 31 | 6  15 22 26 | 7  11 12 29 | 4  8  16 23 | 
|0  7  10 27 | 1  23 25 29 | 2  8  13 19 | 3  4  15 20 | 5  16 26 30 | 9  12 17 21 | 18 22 24 28 | 6  11 14 31 | 
