
8-4-1
variables : 32 clauses : 64
model : 0.00s solver : 0.00s

|0  1  2  3  | 4  5  6  7  | 8  9  10 11 | 12 13 14 15 | 16 17 18 19 | 20 21 22 23 | 24 25 26 27 | 28 29 30 31 | 

8-4-2
variables : 12256 clauses : 23732
model : 0.02s solver : 0.01s

|0  1  2  3  | 4  5  6  7  | 8  9  10 11 | 12 13 14 15 | 16 17 18 19 | 20 21 22 23 | 24 25 26 27 | 28 29 30 31 | 
|0  24 20 29 | 1  26 9  17 | 25 2  12 28 | 16 3  22 15 | 19 11 14 7  | 8  27 4  31 | 10 13 5  23 | 18 21 6  30 | 

8-4-3
variables : 28512 clauses : 59432
model : 0.06s solver : 0.04s

|0  1  2  3  | 4  5  6  7  | 8  9  10 11 | 12 13 14 15 | 16 17 18 19 | 20 21 22 23 | 24 25 26 27 | 28 29 30 31 | 
|0  16 4  21 | 1  11 31 7  | 2  23 29 15 | 8  25 3  13 | 18 27 20 30 | 9  12 17 22 | 26 19 28 6  | 24 10 5  14 | 
|0  8  6  22 | 24 1  18 29 | 2  10 30 7  | 27 3  4  28 | 19 12 20 31 | 21 11 5  15 | 16 9  26 13 | 17 25 14 23 | 

8-4-4
variables : 48800 clauses : 107164
model : 0.11s solver : 0.07s

|0  1  2  3  | 4  5  6  7  | 8  9  10 11 | 12 13 14 15 | 16 17 18 19 | 20 21 22 23 | 24 25 26 27 | 28 29 30 31 | 
|0  19 30 7  | 8  1  13 16 | 2  20 12 5  | 27 9  3  17 | 24 18 21 31 | 11 4  29 15 | 10 26 6  23 | 25 28 14 22 | 
|0  25 29 23 | 24 1  20 15 | 2  10 21 30 | 11 19 3  31 | 18 27 13 6  | 9  26 5  14 | 16 4  12 22 | 8  17 28 7  | 
|0  10 4  20 | 1  11 12 7  | 8  2  6  14 | 24 3  22 30 | 17 13 5  31 | 9  18 25 15 | 16 26 29 21 | 27 19 28 23 | 

8-4-5
variables : 73120 clauses : 166928
model : 0.17s solver : 0.15s

|0  1  2  3  | 4  5  6  7  | 8  9  10 11 | 12 13 14 15 | 16 17 18 19 | 20 21 22 23 | 24 25 26 27 | 28 29 30 31 | 
|0  16 10 4  | 1  27 28 22 | 2  21 12 5  | 17 3  25 30 | 24 18 11 31 | 8  29 14 23 | 9  26 13 7  | 19 20 6  15 | 
|0  9  12 31 | 1  19 4  13 | 16 2  6  22 | 10 3  20 14 | 18 26 28 23 | 25 11 29 15 | 8  27 5  30 | 24 17 21 7  | 
|0  28 6  14 | 1  21 9  15 | 2  26 4  30 | 19 27 3  29 | 24 10 13 22 | 17 11 5  23 | 18 12 20 7  | 8  16 25 31 | 
|0  26 11 20 | 16 1  14 30 | 25 2  28 7  | 18 3  4  15 | 9  29 5  22 | 24 19 12 23 | 8  21 13 6  | 17 10 27 31 | 

8-4-6
variables : 101472 clauses : 238724
model : 0.26s solver : 0.76s

|0  1  2  3  | 4  5  6  7  | 8  9  10 11 | 12 13 14 15 | 16 17 18 19 | 20 21 22 23 | 24 25 26 27 | 28 29 30 31 | 
|0  20 28 14 | 16 1  29 24 | 2  10 5  30 | 25 3  12 6  | 9  19 21 15 | 8  26 13 23 | 18 27 4  31 | 17 11 22 7  | 
|0  10 26 15 | 1  13 19 5  | 2  31 14 7  | 28 3  4  21 | 8  17 24 30 | 16 27 12 22 | 9  18 20 25 | 11 29 6  23 | 
|0  24 11 13 | 1  26 9  31 | 17 2  4  20 | 19 3  29 22 | 25 10 21 7  | 27 30 14 23 | 8  18 12 5  | 16 28 6  15 | 
|0  8  19 6  | 1  12 21 30 | 25 2  28 22 | 27 3  20 7  | 17 23 31 15 | 16 26 11 4  | 24 9  5  14 | 29 10 18 13 | 
|0  16 5  25 | 1  22 6  14 | 27 2  21 13 | 26 18 3  30 | 9  12 28 17 | 8  15 29 7  | 19 11 20 31 | 24 10 4  23 | 

8-4-7
variables : 133856 clauses : 322552
model : 0.35s solver : 5.82s

|0  1  2  3  | 4  5  6  7  | 8  9  10 11 | 12 13 14 15 | 16 17 18 19 | 20 21 22 23 | 24 25 26 27 | 28 29 30 31 | 
|0  29 13 6  | 1  27 12 17 | 25 2  18 30 | 11 3  20 31 | 10 26 28 5  | 24 9  22 15 | 16 4  14 23 | 8  19 21 7  | 
|0  18 20 28 | 1  21 11 5  | 8  2  12 22 | 26 3  29 15 | 24 17 6  14 | 25 19 4  13 | 9  27 31 23 | 16 10 30 7  | 
|0  27 11 7  | 16 1  20 15 | 24 2  10 23 | 19 3  12 28 | 25 21 6  31 | 9  5  14 30 | 18 26 13 22 | 8  17 4  29 | 
|0  17 25 23 | 1  26 14 31 | 2  11 6  15 | 8  18 3  5  | 16 21 28 13 | 24 19 20 30 | 9  12 29 7  | 10 27 4  22 | 
|0  10 31 15 | 1  28 25 7  | 27 2  19 14 | 3  4  21 30 | 16 29 5  22 | 24 18 11 12 | 9  20 13 17 | 8  26 6  23 | 
|0  26 12 21 | 1  10 18 29 | 9  2  4  28 | 16 27 3  6  | 17 11 22 30 | 8  25 20 14 | 24 31 13 7  | 19 23 5  15 | 
