
8-4-1
variables : 32 clauses : 64
model : 0.00s solver : 0.00s

|0  1  2  3  | 4  5  6  7  | 8  9  10 11 | 12 13 14 15 | 16 17 18 19 | 20 21 22 23 | 24 25 26 27 | 28 29 30 31 | 

8-4-2
variables : 12256 clauses : 23728
model : 0.02s solver : 0.01s

|0  1  2  3  | 4  5  6  7  | 8  9  10 11 | 12 13 14 15 | 16 17 18 19 | 20 21 22 23 | 24 25 26 27 | 28 29 30 31 | 
|24 19 20 31 | 9  3  4  29 | 1  27 28 6  | 16 26 22 15 | 10 18 12 21 | 0  8  5  14 | 17 11 13 23 | 25 2  30 7  | 

8-4-3
variables : 28512 clauses : 59424
model : 0.05s solver : 0.03s

|0  1  2  3  | 4  5  6  7  | 8  9  10 11 | 12 13 14 15 | 16 17 18 19 | 20 21 22 23 | 24 25 26 27 | 28 29 30 31 | 
|1  23 29 15 | 18 26 20 28 | 16 24 30 7  | 0  4  21 14 | 17 11 25 31 | 27 9  19 6  | 8  13 3  5  | 2  10 12 22 | 
|1  18 6  22 | 11 27 3  12 | 24 19 4  20 | 25 21 29 13 | 16 10 14 31 | 17 26 5  30 | 0  8  23 7  | 9  2  28 15 | 

8-4-4
variables : 48800 clauses : 107152
model : 0.10s solver : 0.07s

|0  1  2  3  | 4  5  6  7  | 8  9  10 11 | 12 13 14 15 | 16 17 18 19 | 20 21 22 23 | 24 25 26 27 | 28 29 30 31 | 
|2  18 30 15 | 16 24 5  31 | 8  29 3  13 | 0  19 6  14 | 9  27 4  22 | 25 11 28 23 | 1  26 21 7  | 17 10 12 20 | 
|16 25 22 15 | 0  17 29 23 | 26 28 20 5  | 24 19 21 30 | 8  18 27 31 | 11 3  12 7  | 9  2  13 6  | 1  10 4  14 | 
|1  5  22 30 | 27 17 11 13 | 19 9  3  25 | 8  16 14 23 | 10 26 29 6  | 31 15 20 7  | 24 2  4  28 | 0  18 12 21 | 

8-4-5
variables : 73120 clauses : 166912
model : 0.16s solver : 0.12s

|0  1  2  3  | 4  5  6  7  | 8  9  10 11 | 12 13 14 15 | 16 17 18 19 | 20 21 22 23 | 24 25 26 27 | 28 29 30 31 | 
|26 4  20 15 | 1  27 28 14 | 8  17 2  5  | 25 3  31 23 | 0  12 21 6  | 16 9  22 24 | 19 11 29 7  | 10 18 13 30 | 
|0  24 19 23 | 8  25 29 22 | 16 11 21 15 | 2  27 4  31 | 17 10 3  7  | 1  13 20 5  | 26 30 6  14 | 9  18 12 28 | 
|24 18 3  5  | 26 19 12 22 | 0  9  20 14 | 29 10 27 21 | 8  28 6  23 | 16 1  4  25 | 2  15 30 7  | 17 11 13 31 | 
|24 2  10 14 | 11 5  22 30 | 17 28 21 25 | 16 27 13 23 | 0  8  18 4  | 29 3  12 20 | 19 31 6  15 | 1  26 9  7  | 

8-4-6
variables : 101472 clauses : 238704
model : 0.22s solver : 0.84s

|0  1  2  3  | 4  5  6  7  | 8  9  10 11 | 12 13 14 15 | 16 17 18 19 | 20 21 22 23 | 24 25 26 27 | 28 29 30 31 | 
|24 13 22 7  | 0  8  12 21 | 1  10 18 28 | 2  26 4  30 | 16 9  29 6  | 3  5  14 23 | 19 25 11 31 | 17 27 20 15 | 
|1  4  17 22 | 0  16 26 31 | 18 27 21 6  | 8  25 13 5  | 9  23 30 7  | 19 3  28 15 | 2  10 29 14 | 24 11 12 20 | 
|25 28 6  14 | 17 21 11 5  | 9  3  20 13 | 18 26 23 15 | 10 27 4  31 | 16 2  12 22 | 0  24 19 30 | 8  1  29 7  | 
|17 13 6  30 | 11 27 3  7  | 8  19 4  14 | 26 28 20 5  | 9  2  21 31 | 16 1  24 23 | 25 18 12 29 | 0  10 22 15 | 
|24 17 3  31 | 16 10 20 7  | 9  27 28 22 | 1  12 5  30 | 25 4  21 15 | 8  2  6  23 | 29 26 19 13 | 0  18 11 14 | 

8-4-7
variables : 133856 clauses : 322528
model : 0.31s solver : 41.90s

|0  1  2  3  | 4  5  6  7  | 8  9  10 11 | 12 13 14 15 | 16 17 18 19 | 20 21 22 23 | 24 25 26 27 | 28 29 30 31 | 
|8  18 12 20 | 24 10 4  30 | 9  28 17 25 | 2  29 13 7  | 0  16 5  15 | 27 19 6  22 | 1  11 21 31 | 26 3  14 23 | 
|24 28 22 7  | 0  27 4  29 | 16 10 20 6  | 25 18 5  23 | 17 3  12 21 | 19 11 14 30 | 1  26 13 9  | 8  2  31 15 | 
|16 4  12 22 | 27 9  2  18 | 19 10 3  31 | 0  28 6  14 | 24 17 11 29 | 8  21 26 5  | 1  15 23 7  | 25 20 13 30 | 
|8  17 14 7  | 16 9  21 30 | 18 3  13 6  | 2  11 4  23 | 1  27 28 5  | 0  24 20 31 | 25 10 22 15 | 26 19 12 29 | 
|27 12 30 7  | 8  3  4  28 | 17 2  26 20 | 0  9  19 23 | 13 11 5  22 | 24 21 6  15 | 16 25 14 31 | 1  10 18 29 | 
|2  10 12 28 | 1  30 6  17 | 9  29 5  14 | 11 16 3  27 | 18 26 22 31 | 8  24 13 23 | 19 4  20 15 | 0  25 21 7  | 
