
8-4-1
variables : 32 clauses : 64
model : 0.00s solver : 0.00s

|0  1  2  3  | 4  5  6  7  | 8  9  10 11 | 12 13 14 15 | 16 17 18 19 | 20 21 22 23 | 24 25 26 27 | 28 29 30 31 | 

8-4-2
variables : 12256 clauses : 23216
model : 0.02s solver : 0.01s

|0  1  2  3  | 4  5  6  7  | 8  9  10 11 | 12 13 14 15 | 16 17 18 19 | 20 21 22 23 | 24 25 26 27 | 28 29 30 31 | 
|25 31 14 22 | 9  3  29 6  | 16 26 28 21 | 17 27 12 23 | 0  18 11 13 | 8  24 20 5  | 1  10 4  15 | 2  19 30 7  | 

8-4-3
variables : 28512 clauses : 54304
model : 0.06s solver : 0.04s

|0  1  2  3  | 4  5  6  7  | 8  9  10 11 | 12 13 14 15 | 16 17 18 19 | 20 21 22 23 | 24 25 26 27 | 28 29 30 31 | 
|24 2  19 22 | 1  18 21 5  | 17 28 13 23 | 0  9  29 6  | 10 26 30 15 | 16 25 11 12 | 27 3  4  31 | 8  20 14 7  | 
|17 12 29 7  | 30 5  14 23 | 9  18 13 31 | 16 1  27 22 | 0  8  4  24 | 19 26 11 28 | 25 10 3  21 | 2  20 6  15 | 

8-4-4
variables : 48800 clauses : 93328
model : 0.09s solver : 0.08s

|0  1  2  3  | 4  5  6  7  | 8  9  10 11 | 12 13 14 15 | 16 17 18 19 | 20 21 22 23 | 24 25 26 27 | 28 29 30 31 | 
|1  27 28 9  | 10 19 20 13 | 26 30 14 22 | 8  24 2  5  | 11 4  23 15 | 17 12 25 7  | 0  16 29 6  | 18 3  21 31 | 
|1  18 6  14 | 25 2  13 30 | 27 4  22 31 | 17 10 28 15 | 8  19 23 7  | 16 26 3  20 | 0  11 12 5  | 24 9  29 21 | 
|9  3  30 23 | 0  10 22 7  | 17 2  27 21 | 13 26 5  31 | 16 4  28 14 | 1  11 20 29 | 8  25 18 15 | 24 19 12 6  | 

8-4-5
variables : 73120 clauses : 140288
model : 0.14s solver : 0.18s

|0  1  2  3  | 4  5  6  7  | 8  9  10 11 | 12 13 14 15 | 16 17 18 19 | 20 21 22 23 | 24 25 26 27 | 28 29 30 31 | 
|16 24 2  4  | 11 27 3  12 | 1  29 14 22 | 18 31 13 7  | 21 26 5  30 | 8  25 19 6  | 10 23 28 15 | 0  9  20 17 | 
|3  4  21 15 | 2  27 20 14 | 24 18 12 30 | 16 1  25 31 | 9  28 6  22 | 8  26 23 7  | 17 10 13 5  | 0  19 11 29 | 
|0  8  12 5  | 2  29 13 6  | 1  27 21 7  | 16 11 14 30 | 26 10 18 22 | 17 4  28 25 | 9  3  31 23 | 24 19 20 15 | 
|8  17 27 22 | 0  24 28 7  | 25 29 3  5  | 10 19 21 14 | 16 12 20 6  | 2  26 31 15 | 18 11 4  23 | 1  13 9  30 | 

8-4-6
variables : 101472 clauses : 195184
model : 0.21s solver : 0.52s

|0  1  2  3  | 4  5  6  7  | 8  9  10 11 | 12 13 14 15 | 16 17 18 19 | 20 21 22 23 | 24 25 26 27 | 28 29 30 31 | 
|0  9  26 23 | 17 10 21 14 | 1  11 30 7  | 2  29 22 15 | 16 3  12 6  | 25 13 18 5  | 24 4  20 31 | 8  27 19 28 | 
|10 4  30 15 | 24 9  18 29 | 27 11 20 6  | 8  3  22 7  | 17 31 13 23 | 26 2  19 14 | 1  12 21 25 | 0  16 28 5  | 
|9  2  13 30 | 8  25 6  14 | 0  18 21 31 | 19 11 4  22 | 1  27 29 23 | 17 3  20 28 | 16 24 15 7  | 10 26 12 5  | 
|0  10 6  22 | 8  20 5  15 | 9  27 12 17 | 16 11 14 31 | 29 21 3  13 | 25 2  28 7  | 1  18 26 4  | 24 19 30 23 | 
|16 1  9  22 | 25 10 3  23 | 0  19 12 7  | 18 20 14 30 | 26 11 21 15 | 24 28 13 6  | 2  27 5  31 | 8  17 4  29 | 

8-4-7
variables : 133856 clauses : 258016
model : 0.29s solver : 5.76s

|0  1  2  3  | 4  5  6  7  | 8  9  10 11 | 12 13 14 15 | 16 17 18 19 | 20 21 22 23 | 24 25 26 27 | 28 29 30 31 | 
|1  18 12 7  | 16 29 11 21 | 9  28 22 15 | 17 27 6  23 | 8  25 3  5  | 24 10 19 30 | 2  4  13 31 | 0  26 20 14 | 
|16 3  30 23 | 17 2  21 14 | 0  13 27 5  | 24 11 12 31 | 9  18 4  20 | 8  29 6  15 | 25 19 22 7  | 1  10 26 28 | 
|16 12 20 6  | 8  17 26 22 | 24 2  23 15 | 1  19 5  9  | 0  18 21 31 | 25 10 29 13 | 11 3  4  28 | 27 30 14 7  | 
|0  17 11 15 | 10 12 5  22 | 24 1  4  21 | 8  20 13 30 | 9  23 31 7  | 16 25 28 14 | 26 18 3  6  | 27 2  19 29 | 
|1  27 20 31 | 25 4  30 15 | 18 29 14 22 | 0  8  16 24 | 9  21 13 6  | 19 12 28 23 | 26 2  11 5  | 17 10 3  7  | 
|10 31 6  14 | 9  2  12 25 | 0  4  29 23 | 8  18 27 28 | 19 3  21 15 | 1  11 22 30 | 16 26 13 7  | 24 17 20 5  | 
