
8-4-1
variables : 68 clauses : 163
model : 0.00s solver : 0.00s

|0  1  2  3  | 4  5  6  7  | 8  9  10 11 | 12 13 14 15 | 16 17 18 19 | 20 21 22 23 | 24 25 26 27 | 28 29 30 31 | 

8-4-2
variables : 12580 clauses : 24402
model : 0.02s solver : 0.02s

|0  1  2  3  | 4  5  6  7  | 8  9  10 11 | 12 13 14 15 | 16 17 18 19 | 20 21 22 23 | 24 25 26 27 | 28 29 30 31 | 
|0  4  21 28 | 1  17 20 31 | 2  5  12 27 | 3  13 18 26 | 6  11 14 19 | 7  8  23 30 | 9  16 22 24 | 10 15 25 29 | 

8-4-3
variables : 29124 clauses : 56605
model : 0.06s solver : 0.04s

|0  1  2  3  | 4  5  6  7  | 8  9  10 11 | 12 13 14 15 | 16 17 18 19 | 20 21 22 23 | 24 25 26 27 | 28 29 30 31 | 
|0  22 25 28 | 1  4  12 23 | 2  10 13 29 | 3  6  8  19 | 5  11 15 18 | 7  17 20 27 | 9  14 24 31 | 16 21 26 30 | 
|0  9  12 27 | 1  11 22 26 | 2  18 21 25 | 3  4  16 31 | 5  13 20 30 | 6  15 24 29 | 7  10 19 28 | 8  14 17 23 | 

8-4-4
variables : 49700 clauses : 96744
model : 0.10s solver : 0.07s

|0  1  2  3  | 4  5  6  7  | 8  9  10 11 | 12 13 14 15 | 16 17 18 19 | 20 21 22 23 | 24 25 26 27 | 28 29 30 31 | 
|0  11 18 30 | 1  17 23 27 | 2  4  14 25 | 3  8  13 21 | 5  10 16 31 | 6  9  12 24 | 7  22 26 28 | 15 19 20 29 | 
|0  15 17 25 | 1  7  9  29 | 2  21 24 31 | 3  11 14 26 | 4  13 16 22 | 5  12 18 20 | 6  8  23 30 | 10 19 27 28 | 
|0  5  13 23 | 1  6  20 28 | 2  10 26 30 | 3  7  17 31 | 4  9  18 21 | 8  14 24 29 | 11 15 16 27 | 12 19 22 25 | 

8-4-5
variables : 74308 clauses : 144819
model : 0.16s solver : 0.16s

|0  1  2  3  | 4  5  6  7  | 8  9  10 11 | 12 13 14 15 | 16 17 18 19 | 20 21 22 23 | 24 25 26 27 | 28 29 30 31 | 
|0  12 16 30 | 1  4  24 29 | 2  11 15 25 | 3  7  8  13 | 5  18 22 26 | 6  9  14 21 | 10 19 20 28 | 17 23 27 31 | 
|0  4  19 27 | 1  11 18 28 | 2  6  13 23 | 3  12 26 31 | 5  8  14 16 | 7  20 25 29 | 9  15 17 22 | 10 21 24 30 | 
|0  7  10 14 | 1  13 17 20 | 2  4  8  28 | 3  6  16 27 | 5  9  12 25 | 11 23 26 30 | 15 18 21 29 | 19 22 24 31 | 
|0  5  11 13 | 1  6  10 26 | 2  18 20 30 | 3  14 17 24 | 4  15 16 31 | 7  9  23 28 | 8  19 21 25 | 12 22 27 29 | 

8-4-6
variables : 102948 clauses : 200830
model : 0.21s solver : 0.50s

|0  1  2  3  | 4  5  6  7  | 8  9  10 11 | 12 13 14 15 | 16 17 18 19 | 20 21 22 23 | 24 25 26 27 | 28 29 30 31 | 
|0  20 25 31 | 1  18 23 28 | 2  13 19 21 | 3  9  12 17 | 4  22 24 30 | 5  11 15 16 | 6  10 14 26 | 7  8  27 29 | 
|0  19 27 30 | 1  11 17 20 | 2  12 26 31 | 3  4  14 16 | 5  8  13 23 | 6  21 25 29 | 7  9  22 28 | 10 15 18 24 | 
|0  17 24 29 | 1  4  8  15 | 2  7  14 25 | 3  5  20 26 | 6  12 16 22 | 9  19 23 31 | 10 13 27 28 | 11 18 21 30 | 
|0  7  21 26 | 1  10 16 31 | 2  11 23 24 | 3  6  15 28 | 4  18 20 27 | 5  12 19 29 | 8  14 17 22 | 9  13 25 30 | 
|0  4  12 23 | 1  14 21 24 | 2  5  9  18 | 3  10 22 25 | 6  11 27 31 | 7  15 17 30 | 8  19 20 28 | 13 16 26 29 | 

8-4-7
variables : 135620 clauses : 264777
model : 0.27s solver : 4.33s

|0  1  2  3  | 4  5  6  7  | 8  9  10 11 | 12 13 14 15 | 16 17 18 19 | 20 21 22 23 | 24 25 26 27 | 28 29 30 31 | 
|0  19 25 31 | 1  8  27 29 | 2  6  15 24 | 3  10 14 22 | 4  12 16 23 | 5  9  20 26 | 7  18 21 28 | 11 13 17 30 | 
|0  4  22 30 | 1  7  11 24 | 2  5  18 23 | 3  8  13 21 | 6  12 19 28 | 9  15 25 29 | 10 17 20 27 | 14 16 26 31 | 
|0  6  17 29 | 1  5  15 31 | 2  11 20 28 | 3  4  18 25 | 7  10 13 19 | 8  14 23 24 | 9  16 22 27 | 12 21 26 30 | 
|0  7  15 20 | 1  10 23 26 | 2  8  16 30 | 3  12 27 31 | 4  11 21 29 | 5  19 22 24 | 6  9  13 18 | 14 17 25 28 | 
|0  8  12 18 | 1  14 20 30 | 2  19 26 29 | 3  7  9  23 | 4  17 24 31 | 5  13 27 28 | 6  11 22 25 | 10 15 16 21 | 
|0  5  11 14 | 1  13 16 25 | 2  9  21 31 | 3  15 26 28 | 4  8  19 20 | 6  23 27 30 | 7  12 17 22 | 10 18 24 29 | 
